#地磁気センサーログ
-19.034, 280.598, 205.69
-27.016, 277.52799999999996, 202.62
-23.945999999999998, 276.914, 202.006
-22.104, 277.52799999999996, 206.304
-23.945999999999998, 281.82599999999996, 211.82999999999998
-20.262, 276.914, 205.69
-23.332, 279.984, 207.53199999999998
-19.034, 279.37, 206.918
-23.945999999999998, 280.598, 204.462
-26.401999999999997, 279.37, 211.82999999999998
-19.034, 278.142, 206.918
-22.104, 281.212, 205.076
-18.419999999999998, 276.3, 208.76
-22.718, 280.598, 206.918
-17.806, 280.598, 203.23399999999998
-21.49, 279.37, 211.82999999999998
-27.016, 278.756, 205.076
-23.945999999999998, 281.82599999999996, 205.69
-34.384, 278.756, 211.21599999999998
-27.63, 262.178, 209.374
-19.034, 247.44199999999998, 211.82999999999998
-12.28, 249.284, 206.304
-15.963999999999999, 255.42399999999998, 205.076
-26.401999999999997, 273.23, 210.602
-38.682, 276.914, 205.69
-30.7, 276.3, 205.076
-24.56, 278.756, 202.62
-17.806, 276.914, 203.23399999999998
-13.508, 277.52799999999996, 208.76
-17.192, 282.44, 202.62
-15.963999999999999, 286.12399999999997, 207.53199999999998
-11.052, 291.036, 201.392
-11.052, 297.176, 201.392
-2.456, 305.772, 194.024
-11.052, 305.772, 195.25199999999998
-22.104, 310.68399999999997, 198.936
-22.104, 322.964, 195.25199999999998
-27.016, 320.508, 194.024
-38.682, 326.034, 193.41
-36.839999999999996, 326.64799999999997, 189.112
-47.891999999999996, 334.01599999999996, 187.884
-52.19, 329.71799999999996, 184.814
-60.172, 330.332, 179.28799999999998
-76.136, 324.192, 187.884
-82.276, 311.912, 194.024
-81.048, 297.176, 195.25199999999998
-86.574, 281.82599999999996, 205.69
-85.96, 265.248, 208.76
-83.50399999999999, 257.88, 205.076
-81.048, 252.968, 203.84799999999998
-86.574, 258.49399999999997, 208.146
-90.872, 251.73999999999998, 208.76
-92.1, 244.37199999999999, 208.76
-84.118, 235.16199999999998, 211.82999999999998
-82.89, 221.654, 213.058
-88.416, 211.21599999999998, 213.672
-79.82, 205.076, 207.53199999999998
-76.136, 206.304, 209.988
-68.154, 200.778, 206.918
-65.698, 197.094, 208.146
-69.38199999999999, 195.86599999999999, 210.602
-68.154, 199.54999999999998, 213.058
-68.768, 205.076, 208.76
-52.19, 200.778, 215.51399999999998
-36.226, 192.182, 214.286
-13.508, 187.884, 207.53199999999998
-5.526, 181.13, 205.69
6.14, 185.428, 202.62
7.367999999999999, 185.428, 202.62
8.596, 182.97199999999998, 197.708
1.8419999999999999, 189.726, 200.778
-2.456, 190.34, 207.53199999999998
-5.526, 198.322, 209.374
-1.8419999999999999, 197.094, 211.82999999999998
1.228, 200.164, 203.84799999999998
6.754, 202.006, 205.69
18.419999999999998, 196.48, 198.936
24.56, 206.304, 195.25199999999998
32.542, 208.146, 200.778
28.244, 205.076, 200.164
20.875999999999998, 197.708, 201.392
9.209999999999999, 194.638, 199.54999999999998
6.754, 186.042, 195.86599999999999
6.754, 197.094, 195.86599999999999
13.508, 208.76, 200.164
24.56, 219.81199999999998, 205.076
16.578, 220.426, 200.778
19.034, 220.426, 206.918
6.14, 218.584, 205.076
11.052, 223.49599999999998, 207.53199999999998
14.735999999999999, 224.724, 202.62
23.332, 221.04, 203.84799999999998
22.104, 225.952, 202.62
27.63, 230.25, 198.322
38.068, 239.45999999999998, 192.796
38.682, 248.67, 192.182
45.436, 255.42399999999998, 191.56799999999998
39.296, 261.56399999999996, 187.884
40.524, 261.56399999999996, 186.656
41.138, 269.546, 187.26999999999998
42.98, 273.844, 180.516
44.208, 277.52799999999996, 181.744
47.278, 281.82599999999996, 179.902
39.91, 295.334, 184.814
34.998, 300.246, 179.902
31.927999999999997, 309.456, 178.06
20.262, 313.75399999999996, 177.446
14.735999999999999, 322.964, 182.97199999999998
10.437999999999999, 318.666, 179.902
8.596, 329.104, 180.516
5.526, 329.71799999999996, 184.814
4.298, 324.806, 186.042
12.894, 326.034, 178.674
5.526, 324.806, 179.902
-1.8419999999999999, 321.122, 184.814
-11.666, 318.666, 190.95399999999998
-9.824, 322.964, 189.112
-11.666, 321.122, 187.26999999999998
-11.052, 326.64799999999997, 186.656
-11.052, 332.788, 185.428
-9.209999999999999, 324.806, 190.95399999999998
-9.824, 318.05199999999996, 191.56799999999998
-7.367999999999999, 311.912, 195.25199999999998
-14.122, 318.666, 194.638
-17.192, 316.824, 197.708
-28.244, 319.28, 192.796
-28.858, 323.578, 192.182
-33.156, 322.964, 197.708
-40.524, 319.28, 192.796
-42.366, 318.666, 198.322
-43.594, 316.21, 194.638
-44.208, 321.736, 197.708
-51.576, 316.824, 198.936
-57.102, 313.75399999999996, 205.69
-57.102, 313.75399999999996, 200.778
-54.646, 317.438, 200.778
-52.19, 319.894, 189.726
-62.628, 316.824, 198.936
-66.312, 308.228, 198.936
-71.838, 313.75399999999996, 195.86599999999999
-70.61, 312.526, 199.54999999999998
-73.67999999999999, 311.912, 194.024
-85.346, 301.474, 199.54999999999998
-79.82, 293.49199999999996, 205.076
-88.416, 289.808, 203.84799999999998
-84.732, 291.036, 202.62
-85.346, 294.106, 204.462
-82.89, 296.562, 205.69
-88.416, 291.036, 203.84799999999998
-88.416, 293.49199999999996, 203.84799999999998
-88.416, 299.632, 196.48
-92.1, 295.948, 202.62
-95.78399999999999, 289.808, 200.164
-96.398, 283.054, 203.23399999999998
-92.1, 278.756, 207.53199999999998
-89.64399999999999, 281.212, 205.076
-93.942, 276.914, 204.462
-93.328, 273.844, 208.76
-92.714, 276.914, 206.918
-97.012, 278.756, 207.53199999999998
-97.012, 275.072, 202.62
-101.31, 259.722, 208.146
-98.24, 248.05599999999998, 207.53199999999998
-96.398, 248.67, 206.918
-95.17, 249.898, 208.146
-93.328, 254.196, 209.988
-94.556, 256.652, 205.076
-92.1, 250.512, 208.76
-95.78399999999999, 248.05599999999998, 212.444
-91.48599999999999, 230.25, 211.82999999999998
-85.96, 225.952, 211.21599999999998
-94.556, 223.49599999999998, 211.21599999999998
-94.556, 221.04, 211.21599999999998
-91.48599999999999, 221.654, 209.374
-83.50399999999999, 218.584, 216.128
-79.82, 207.53199999999998, 207.53199999999998
-71.838, 209.374, 214.286
-76.75, 205.69, 208.146
-73.066, 194.638, 202.006
-61.4, 180.516, 201.392
-52.19, 170.078, 203.23399999999998
-56.488, 171.92, 201.392
-48.506, 182.358, 204.462
-50.348, 173.148, 203.84799999999998
-49.12, 169.464, 201.392
-53.418, 170.078, 197.094
-53.418, 170.078, 202.006
-55.873999999999995, 165.166, 202.006
-62.628, 165.78, 201.392
-54.032, 162.096, 195.25199999999998
-43.594, 155.34199999999998, 189.726
-37.454, 155.34199999999998, 194.638
-42.98, 158.412, 185.428
-34.998, 157.798, 192.182
-28.858, 154.114, 189.726
-18.419999999999998, 154.728, 191.56799999999998
-8.596, 168.236, 194.024
-3.6839999999999997, 171.92, 200.164
5.526, 173.762, 193.41
7.367999999999999, 181.744, 196.48
-5.526, 176.218, 198.322
-13.508, 169.464, 197.708
-28.244, 154.728, 197.708
-29.471999999999998, 152.272, 190.34
-25.788, 157.184, 184.2
-28.858, 157.798, 192.182
-20.262, 167.62199999999999, 198.322
-17.192, 179.28799999999998, 196.48
-7.981999999999999, 182.358, 202.006
-4.912, 186.656, 200.164
-4.912, 186.656, 201.392
3.07, 178.674, 200.778
2.456, 179.28799999999998, 197.708
7.367999999999999, 182.97199999999998, 198.936
6.14, 189.112, 198.936
8.596, 198.936, 197.708
11.052, 206.304, 203.84799999999998
10.437999999999999, 215.51399999999998, 204.462
11.666, 219.19799999999998, 205.69
9.209999999999999, 219.19799999999998, 200.778
7.981999999999999, 215.51399999999998, 205.69
11.666, 217.97, 205.69
17.192, 219.81199999999998, 203.84799999999998
13.508, 218.584, 206.304
6.754, 217.97, 204.462
7.981999999999999, 219.19799999999998, 208.146
10.437999999999999, 224.10999999999999, 200.778
17.806, 222.882, 199.54999999999998
14.122, 225.338, 200.778
15.963999999999999, 224.724, 208.76
20.875999999999998, 230.864, 206.304
22.104, 222.268, 205.076
19.648, 218.584, 205.076
26.401999999999997, 219.19799999999998, 198.322
20.262, 229.022, 199.54999999999998
27.63, 224.10999999999999, 199.54999999999998
31.927999999999997, 229.636, 203.84799999999998
30.7, 243.144, 192.796
44.208, 249.284, 196.48
36.226, 263.406, 195.86599999999999
35.612, 266.476, 189.112
34.384, 266.476, 192.796
33.769999999999996, 267.09, 199.54999999999998
30.7, 270.15999999999997, 191.56799999999998
34.384, 272.616, 195.25199999999998
33.769999999999996, 273.23, 192.182
35.612, 265.248, 189.112
34.384, 268.932, 192.796
35.612, 275.072, 194.024
33.156, 278.756, 189.112
32.542, 284.282, 190.95399999999998
31.314, 283.054, 189.726
31.927999999999997, 284.896, 191.56799999999998
33.156, 281.212, 186.656
31.314, 283.054, 190.95399999999998
23.945999999999998, 286.738, 193.41
23.945999999999998, 289.194, 192.182
23.945999999999998, 290.42199999999997, 190.95399999999998
23.945999999999998, 301.474, 189.726
27.63, 303.93, 187.26999999999998
22.104, 311.912, 182.97199999999998
19.034, 311.298, 189.726
14.122, 308.842, 186.042
17.192, 314.368, 189.112
22.718, 312.526, 183.58599999999998
15.963999999999999, 318.05199999999996, 189.112
14.122, 318.666, 181.13
9.824, 322.964, 190.34
12.28, 324.192, 182.97199999999998
11.052, 324.192, 182.97199999999998
8.596, 327.876, 178.06
3.07, 328.49, 182.358
-5.526, 330.94599999999997, 178.674
3.07, 330.94599999999997, 177.446
2.456, 329.104, 176.832
7.981999999999999, 334.63, 172.534
3.6839999999999997, 335.24399999999997, 169.464
-0.614, 340.77, 172.534
-0.614, 343.226, 176.218
-2.456, 338.928, 175.60399999999998
-7.367999999999999, 331.56, 174.376
-12.28, 343.84, 173.148
-16.578, 346.90999999999997, 173.762
-23.945999999999998, 344.454, 178.674
-22.718, 344.454, 177.446
-28.244, 338.928, 174.376
-34.998, 341.998, 172.534
-36.839999999999996, 337.7, 181.744
-38.682, 338.31399999999996, 179.902
-41.751999999999995, 338.928, 181.744
-41.138, 338.31399999999996, 178.674
-45.436, 338.928, 179.28799999999998
-52.803999999999995, 336.472, 181.744
-51.576, 334.01599999999996, 180.516
-55.873999999999995, 334.63, 181.13
-55.26, 331.56, 180.516
-61.4, 341.384, 180.516
-65.698, 337.086, 176.218
-66.312, 337.7, 174.376
-73.066, 326.034, 179.902
-80.434, 327.262, 177.446
-81.66199999999999, 334.63, 183.58599999999998
-88.416, 331.56, 178.06
-82.276, 327.876, 185.428
-90.258, 317.438, 189.726
-90.872, 310.68399999999997, 192.796
-94.556, 309.456, 186.656
-94.556, 310.68399999999997, 194.024
-92.1, 304.544, 195.25199999999998
-93.942, 305.158, 195.86599999999999
-92.714, 296.562, 194.638
-95.78399999999999, 286.12399999999997, 200.164
-97.62599999999999, 281.82599999999996, 199.54999999999998
-98.854, 285.51, 198.322
-92.1, 283.668, 198.936
-96.398, 283.054, 197.094
-94.556, 282.44, 203.84799999999998
-92.1, 283.668, 201.392
-93.942, 284.282, 202.006
-93.328, 282.44, 197.708
-94.556, 278.756, 201.392
-93.328, 272.616, 200.164
-92.1, 270.15999999999997, 202.62
-95.17, 270.774, 200.778
-96.398, 269.546, 200.778
-92.714, 274.45799999999997, 202.006
-92.1, 273.844, 203.84799999999998
-98.854, 272.002, 198.322
-93.942, 275.686, 199.54999999999998
-95.17, 278.142, 206.918
-90.258, 275.686, 199.54999999999998
-92.1, 272.616, 203.84799999999998
-90.872, 265.248, 206.304
-87.80199999999999, 265.86199999999997, 205.69
-90.258, 264.634, 203.23399999999998
-96.398, 268.318, 203.23399999999998
-92.1, 268.932, 201.392
-96.398, 260.95, 206.918
-93.328, 250.512, 202.62
-91.48599999999999, 254.81, 209.374
-90.258, 248.67, 209.374
-91.48599999999999, 251.126, 206.918
-92.1, 245.6, 202.62
-96.398, 242.53, 204.462
-86.574, 235.16199999999998, 203.23399999999998
-94.556, 233.32, 203.84799999999998
-93.942, 232.706, 200.778
-87.188, 224.724, 203.84799999999998
-90.258, 219.19799999999998, 206.918
-88.416, 222.268, 202.62
-89.64399999999999, 218.584, 206.304
-85.96, 217.356, 208.76
-87.80199999999999, 217.97, 203.23399999999998
-89.64399999999999, 221.04, 202.62
-81.048, 221.04, 208.76
-81.66199999999999, 216.742, 202.006
-80.434, 217.97, 203.23399999999998
-74.294, 213.058, 200.778
-71.838, 210.602, 206.918
-65.698, 204.462, 200.778
-64.47, 205.69, 203.23399999999998
-67.53999999999999, 202.62, 207.53199999999998
-63.855999999999995, 205.076, 201.392
-68.154, 210.602, 203.23399999999998
-68.154, 211.82999999999998, 209.374
-64.47, 209.374, 204.462
-66.312, 209.988, 208.76
-67.53999999999999, 216.128, 211.21599999999998
-63.242, 210.602, 210.602
-63.855999999999995, 214.9, 207.53199999999998
-68.768, 206.304, 207.53199999999998
-66.312, 211.21599999999998, 213.672
-57.716, 213.672, 207.53199999999998
-66.312, 206.304, 203.84799999999998
-64.47, 209.374, 200.778
-65.084, 212.444, 205.076
-63.242, 205.69, 199.54999999999998
-69.38199999999999, 204.462, 206.918
-61.4, 206.304, 202.62
-61.4, 201.392, 205.076
-55.873999999999995, 197.094, 205.69
-58.943999999999996, 190.34, 200.164
-53.418, 188.498, 206.918
-52.19, 183.58599999999998, 204.462
-44.821999999999996, 187.26999999999998, 202.006
-49.12, 176.832, 206.304
-42.98, 181.744, 198.936
-43.594, 179.902, 198.322
-38.682, 183.58599999999998, 202.006
-41.138, 186.042, 205.69
-33.156, 185.428, 200.164
-35.612, 189.112, 206.304
-30.7, 185.428, 205.076
-20.875999999999998, 181.744, 200.164
-22.104, 184.2, 202.62
-16.578, 176.218, 198.322
-9.824, 180.516, 197.708
-9.824, 179.28799999999998, 194.024
-3.07, 183.58599999999998, 199.54999999999998
-1.8419999999999999, 186.042, 199.54999999999998
-3.6839999999999997, 187.884, 200.164
-3.6839999999999997, 192.796, 203.84799999999998
3.07, 194.638, 199.54999999999998
2.456, 187.884, 196.48
4.912, 192.796, 195.25199999999998
4.912, 187.884, 198.936
10.437999999999999, 192.182, 197.094
16.578, 192.182, 192.182
17.806, 192.182, 193.41
15.35, 195.86599999999999, 193.41
20.262, 202.006, 197.094
19.648, 208.76, 195.25199999999998
25.174, 209.374, 192.182
24.56, 207.53199999999998, 198.936
25.174, 216.742, 198.322
22.104, 222.268, 194.024
26.401999999999997, 230.25, 197.094
23.945999999999998, 231.47799999999998, 195.86599999999999
22.718, 235.16199999999998, 198.322
27.63, 230.25, 199.54999999999998
22.104, 221.04, 196.48
23.332, 227.17999999999998, 202.62
23.945999999999998, 237.618, 197.094
23.332, 240.688, 196.48
28.858, 241.302, 200.778
28.244, 241.916, 201.392
27.63, 252.35399999999998, 192.182
27.63, 249.898, 186.042
29.471999999999998, 260.336, 189.112
25.788, 265.248, 189.112
32.542, 267.09, 192.182
28.244, 267.704, 190.34
27.63, 274.45799999999997, 197.094
29.471999999999998, 272.616, 191.56799999999998
28.244, 268.932, 192.796
33.156, 275.072, 187.884
34.384, 271.388, 184.2
34.998, 272.002, 189.726
34.998, 274.45799999999997, 184.814
30.7, 272.616, 185.428
28.244, 276.3, 189.112
27.016, 283.668, 189.112
29.471999999999998, 291.036, 184.2
18.419999999999998, 291.036, 186.656
22.718, 289.194, 190.95399999999998
17.806, 292.878, 190.95399999999998
19.034, 292.878, 192.182
12.894, 294.106, 192.182
16.578, 300.246, 190.95399999999998
6.754, 306.38599999999997, 186.042
7.981999999999999, 306.38599999999997, 190.95399999999998
13.508, 304.544, 190.34
15.35, 310.07, 188.498
12.28, 309.456, 186.656
10.437999999999999, 307.614, 190.95399999999998
9.824, 313.14, 189.112
9.209999999999999, 311.298, 182.358
4.912, 310.68399999999997, 187.884
8.596, 307.0, 187.884
-0.614, 308.842, 190.95399999999998
2.456, 309.456, 192.796
3.07, 318.666, 187.26999999999998
-1.8419999999999999, 326.034, 187.26999999999998
-7.981999999999999, 327.262, 184.814
-8.596, 326.64799999999997, 184.2
-9.209999999999999, 329.71799999999996, 184.814
-5.526, 327.262, 183.58599999999998
-12.28, 324.192, 186.656
-14.735999999999999, 325.42, 182.97199999999998
-6.14, 325.42, 187.884
-12.28, 318.05199999999996, 187.884
-10.437999999999999, 314.98199999999997, 188.498
-12.894, 311.298, 190.95399999999998
-8.596, 318.05199999999996, 194.024
-17.806, 322.34999999999997, 187.26999999999998
-20.875999999999998, 320.508, 189.112
-20.875999999999998, 321.736, 191.56799999999998
-24.56, 330.332, 185.428
-25.174, 327.262, 182.358
-27.63, 328.49, 184.814
-28.858, 321.122, 188.498
-31.927999999999997, 319.28, 186.656
-26.401999999999997, 313.75399999999996, 193.41
-31.927999999999997, 313.14, 198.936
-34.384, 309.456, 195.25199999999998
-37.454, 311.298, 198.322
-42.366, 314.98199999999997, 194.638
-43.594, 312.526, 194.638
-43.594, 326.034, 189.726
-46.05, 329.71799999999996, 182.358
-49.734, 337.086, 184.814
-56.488, 336.472, 182.97199999999998
-57.716, 329.104, 185.428
-61.4, 329.104, 182.97199999999998
-64.47, 330.94599999999997, 183.58599999999998
-65.084, 331.56, 181.744
-69.38199999999999, 332.174, 190.95399999999998
-76.136, 315.596, 189.112
-71.838, 323.578, 192.182
-67.53999999999999, 316.824, 190.34
-74.294, 318.666, 189.726
-74.294, 319.894, 188.498
-72.452, 314.368, 186.656
-80.434, 317.438, 189.726
-86.574, 308.842, 187.26999999999998
-85.346, 308.842, 193.41
-84.732, 305.772, 195.25199999999998
-87.188, 299.632, 196.48
-85.346, 285.51, 200.778
-87.188, 287.352, 202.62
-91.48599999999999, 279.37, 199.54999999999998
-90.258, 285.51, 200.778
-88.416, 284.896, 195.25199999999998
-92.1, 284.896, 198.936
-95.78399999999999, 283.668, 198.936
-93.328, 286.12399999999997, 196.48
-96.398, 280.598, 199.54999999999998
-87.188, 279.984, 201.392
-84.118, 273.23, 200.778
-92.1, 273.844, 200.164
-93.328, 275.072, 205.076
-92.714, 273.23, 202.006
-98.854, 274.45799999999997, 197.094
-101.92399999999999, 286.12399999999997, 195.25199999999998
-101.31, 283.054, 194.638
-107.45, 279.37, 194.638
-103.152, 275.072, 200.164
-109.292, 268.932, 197.708
-106.222, 265.86199999999997, 198.322
-103.76599999999999, 265.86199999999997, 203.23399999999998
-103.152, 257.88, 200.164
-101.31, 254.81, 202.006
-97.012, 260.336, 203.84799999999998
-102.538, 257.26599999999996, 204.462
-93.328, 248.05599999999998, 206.304
-97.012, 245.6, 203.84799999999998
-94.556, 251.73999999999998, 202.62
-96.398, 251.126, 203.23399999999998
-96.398, 242.53, 199.54999999999998
-98.24, 243.144, 203.84799999999998
-89.03, 242.53, 202.006
-91.48599999999999, 235.16199999999998, 209.374
-90.872, 228.408, 203.84799999999998
-87.80199999999999, 221.654, 205.69
-87.80199999999999, 216.742, 205.69
-82.276, 209.988, 209.988
-81.048, 206.304, 200.164
-77.978, 197.094, 210.602
-76.75, 193.41, 208.146
-69.38199999999999, 194.638, 203.23399999999998
-72.452, 197.708, 201.392
-73.066, 197.094, 206.918
-69.996, 192.796, 207.53199999999998
-65.084, 192.796, 202.62
-62.628, 194.024, 202.62
-58.33, 188.498, 203.23399999999998
-60.786, 193.41, 203.23399999999998
-65.084, 190.34, 203.84799999999998
-61.4, 194.024, 208.76
-57.102, 194.638, 205.69
-57.102, 187.26999999999998, 204.462
-55.873999999999995, 190.95399999999998, 203.23399999999998
-52.803999999999995, 192.796, 201.392
-46.664, 185.428, 201.392
-44.208, 176.832, 205.076
-36.839999999999996, 179.28799999999998, 194.024
-38.682, 177.446, 195.86599999999999
-38.068, 179.28799999999998, 200.164
-32.542, 186.042, 198.322
-37.454, 184.814, 200.778
-30.7, 189.112, 208.76
-29.471999999999998, 187.884, 203.84799999999998
-30.086, 190.95399999999998, 203.23399999999998
-30.086, 198.322, 206.918
-30.086, 199.54999999999998, 205.69
-34.384, 201.392, 211.21599999999998
-33.156, 201.392, 211.21599999999998
-33.156, 205.076, 212.444
-31.927999999999997, 207.53199999999998, 207.53199999999998
-29.471999999999998, 205.076, 211.21599999999998
-31.314, 202.006, 211.82999999999998
-28.858, 203.23399999999998, 205.69
-18.419999999999998, 198.936, 208.76
-11.052, 192.796, 206.304
-7.981999999999999, 190.95399999999998, 204.462
-6.14, 191.56799999999998, 202.62
3.07, 200.778, 199.54999999999998
2.456, 205.076, 202.62
3.6839999999999997, 206.304, 203.84799999999998
9.824, 205.076, 201.392
7.981999999999999, 206.918, 199.54999999999998
14.122, 209.374, 199.54999999999998
15.963999999999999, 208.76, 196.48
25.174, 210.602, 198.322
27.63, 205.69, 195.86599999999999
23.332, 208.76, 190.34
26.401999999999997, 214.286, 192.182
24.56, 214.9, 194.024
27.63, 219.19799999999998, 188.498
28.858, 216.742, 194.638
27.016, 221.04, 196.48
25.174, 231.47799999999998, 199.54999999999998
32.542, 236.39, 197.094
30.7, 238.232, 196.48
31.314, 241.302, 194.638
29.471999999999998, 237.004, 202.62
24.56, 239.45999999999998, 200.164
34.998, 243.75799999999998, 194.638
33.156, 246.828, 189.112
34.998, 249.898, 192.182
38.068, 256.652, 191.56799999999998
33.156, 256.652, 191.56799999999998
35.612, 268.932, 187.884
35.612, 267.704, 187.884
37.454, 272.002, 184.814
36.839999999999996, 278.756, 189.112
26.401999999999997, 278.142, 189.726
27.63, 276.914, 189.726
28.858, 279.37, 192.182
23.332, 272.616, 192.796
27.016, 273.844, 186.656
26.401999999999997, 274.45799999999997, 190.95399999999998
23.332, 271.388, 190.34
27.016, 278.756, 191.56799999999998
22.718, 276.914, 192.182
18.419999999999998, 291.036, 189.112
21.49, 291.65, 190.95399999999998
14.122, 292.878, 189.726
16.578, 306.38599999999997, 188.498
12.894, 306.38599999999997, 187.26999999999998
12.28, 313.14, 182.97199999999998
13.508, 311.912, 181.744
17.192, 304.544, 181.744
7.367999999999999, 304.544, 184.2
8.596, 304.544, 187.884
-1.228, 309.456, 190.34
-1.228, 311.912, 187.884
1.8419999999999999, 310.07, 189.726
-0.614, 306.38599999999997, 188.498
1.228, 318.05199999999996, 180.516
-8.596, 319.28, 190.34
-14.735999999999999, 321.736, 181.744
-21.49, 328.49, 182.358
-25.788, 331.56, 179.28799999999998
-29.471999999999998, 335.24399999999997, 178.06
-30.7, 340.156, 175.60399999999998
-34.384, 340.156, 179.28799999999998
-32.542, 335.858, 178.674
-23.945999999999998, 340.77, 178.674
-22.104, 330.332, 180.516
-22.718, 329.71799999999996, 182.358
-20.262, 328.49, 187.26999999999998
-20.875999999999998, 335.24399999999997, 180.516
-28.858, 327.262, 186.042
-25.174, 322.34999999999997, 187.26999999999998
-28.244, 325.42, 187.884
-28.244, 308.228, 186.656
-30.7, 310.68399999999997, 195.25199999999998
-31.314, 308.842, 198.322
-38.068, 309.456, 197.708
-40.524, 314.368, 192.796
-39.91, 323.578, 189.726
-44.821999999999996, 326.034, 182.358
-48.506, 324.806, 186.042
-48.506, 332.174, 181.13
-52.19, 338.31399999999996, 181.13
-56.488, 337.7, 178.06
-63.855999999999995, 336.472, 178.06
-76.75, 338.31399999999996, 179.902
-75.52199999999999, 334.63, 181.13
-82.89, 333.402, 176.218
-81.66199999999999, 337.086, 172.534
-90.258, 334.63, 174.98999999999998
-100.082, 327.262, 174.98999999999998
-101.92399999999999, 327.876, 178.06
-100.696, 318.05199999999996, 181.744
-106.836, 313.14, 181.744
-106.222, 311.298, 181.13
-111.74799999999999, 304.544, 182.97199999999998
-109.292, 308.228, 182.97199999999998
-111.74799999999999, 302.08799999999997, 182.97199999999998
-109.90599999999999, 297.78999999999996, 183.58599999999998
-115.432, 291.036, 185.428
-116.04599999999999, 283.054, 189.726
-109.292, 279.984, 189.112
-109.90599999999999, 279.37, 193.41
-112.976, 271.388, 189.112
-107.45, 269.546, 195.86599999999999
-100.082, 263.406, 195.86599999999999
-99.468, 266.476, 200.164
-100.082, 260.95, 195.86599999999999
-104.38, 261.56399999999996, 197.708
-106.222, 264.634, 194.638
-106.836, 262.792, 195.25199999999998
-108.064, 259.108, 198.936
-109.90599999999999, 259.722, 197.094
-109.90599999999999, 254.81, 195.86599999999999
-108.064, 244.37199999999999, 200.164
-114.818, 242.53, 194.638
-116.66, 228.408, 198.936
-116.04599999999999, 229.022, 193.41
-110.52, 228.408, 197.708
-106.222, 231.47799999999998, 200.778
-98.854, 232.706, 198.322
-101.31, 231.47799999999998, 200.778
-96.398, 224.10999999999999, 205.69
-92.714, 216.742, 198.322
-89.64399999999999, 213.672, 203.84799999999998
-88.416, 216.128, 202.62
-91.48599999999999, 206.918, 200.778
-82.89, 205.69, 205.69
-77.364, 207.53199999999998, 205.076
-70.61, 204.462, 208.146
-58.33, 209.374, 208.146
-57.716, 208.76, 209.988
-60.172, 212.444, 208.76
-56.488, 209.988, 211.21599999999998
-55.26, 207.53199999999998, 207.53199999999998
-53.418, 200.778, 204.462
-49.734, 193.41, 204.462
-55.26, 196.48, 203.84799999999998
-51.576, 202.62, 205.076
-53.418, 205.69, 210.602
-55.26, 198.936, 202.62
-57.716, 203.84799999999998, 206.304
-65.084, 208.76, 207.53199999999998
-61.4, 203.84799999999998, 208.76
-58.943999999999996, 200.164, 205.076
-60.786, 195.86599999999999, 208.146
-61.4, 196.48, 205.076
-54.032, 195.25199999999998, 202.62
-65.698, 195.86599999999999, 200.778
-57.102, 194.638, 204.462
-46.664, 187.884, 203.84799999999998
-51.576, 184.2, 198.936
-44.821999999999996, 183.58599999999998, 200.778
-55.26, 179.28799999999998, 200.164
-48.506, 170.078, 198.322
-43.594, 163.938, 189.726
-49.12, 167.00799999999998, 190.34
-46.664, 164.552, 192.796
-38.682, 171.30599999999998, 194.638
-27.63, 166.394, 194.638
-26.401999999999997, 170.078, 194.638
-22.718, 165.166, 186.042
-17.192, 168.236, 190.34
-12.28, 171.92, 186.656
-9.824, 170.692, 191.56799999999998
-4.912, 174.376, 185.428
1.8419999999999999, 176.218, 187.26999999999998
1.228, 178.06, 191.56799999999998
9.209999999999999, 184.814, 190.95399999999998
13.508, 184.2, 191.56799999999998
13.508, 190.34, 190.34
21.49, 189.726, 189.726
23.945999999999998, 189.726, 186.042
25.174, 194.638, 188.498
27.63, 194.638, 186.042
26.401999999999997, 200.778, 195.86599999999999
30.086, 208.146, 189.726
27.016, 209.988, 191.56799999999998
33.156, 208.76, 192.796
33.156, 213.672, 186.656
33.156, 216.128, 185.428
36.839999999999996, 232.09199999999998, 190.34
38.068, 232.09199999999998, 191.56799999999998
34.998, 235.16199999999998, 189.726
38.682, 232.706, 183.58599999999998
39.91, 225.338, 187.26999999999998
37.454, 217.97, 187.26999999999998
33.769999999999996, 215.51399999999998, 187.26999999999998
36.226, 220.426, 182.358
33.156, 228.408, 191.56799999999998
36.839999999999996, 237.004, 190.34
39.296, 238.232, 185.428
39.91, 241.302, 188.498
37.454, 251.126, 187.26999999999998
36.226, 249.898, 195.86599999999999
28.244, 257.88, 192.796
28.858, 262.178, 187.26999999999998
25.174, 268.318, 190.95399999999998
28.858, 276.914, 193.41
25.788, 287.352, 189.112
27.016, 291.036, 186.656
21.49, 297.78999999999996, 188.498
22.718, 299.018, 189.726
15.35, 292.878, 192.182
22.104, 295.948, 189.112
17.806, 291.65, 187.26999999999998
24.56, 292.264, 184.2
19.034, 294.106, 190.95399999999998
20.875999999999998, 299.632, 185.428
20.262, 300.246, 190.95399999999998
18.419999999999998, 303.316, 191.56799999999998
17.806, 308.842, 183.58599999999998
21.49, 308.842, 184.814
19.034, 307.614, 179.902
13.508, 311.912, 190.34
13.508, 309.456, 186.656
15.963999999999999, 310.68399999999997, 186.656
8.596, 314.368, 185.428
-1.228, 324.192, 180.516
-5.526, 324.806, 184.814
-6.754, 329.71799999999996, 181.13
-4.298, 334.63, 177.446
-10.437999999999999, 333.402, 182.358
-7.981999999999999, 330.94599999999997, 173.762
-8.596, 332.788, 181.744
-13.508, 324.192, 181.744
-7.981999999999999, 324.806, 184.814
-9.209999999999999, 321.122, 184.814
-7.367999999999999, 322.964, 186.656
-10.437999999999999, 323.578, 187.26999999999998
-14.735999999999999, 331.56, 187.884
-18.419999999999998, 327.876, 187.884
-23.945999999999998, 332.174, 179.902
-26.401999999999997, 329.71799999999996, 182.358
-28.858, 335.858, 186.042
-41.138, 334.63, 177.446
-46.664, 332.788, 184.2
-50.961999999999996, 330.94599999999997, 187.26999999999998
-50.348, 329.104, 180.516
-50.348, 329.104, 179.28799999999998
-62.628, 330.332, 184.2
-64.47, 327.262, 179.902
-69.38199999999999, 319.894, 194.638
-74.294, 310.07, 194.638
-74.908, 310.68399999999997, 192.796
-71.838, 317.438, 188.498
-73.066, 316.21, 188.498
-81.66199999999999, 319.894, 187.26999999999998
-83.50399999999999, 320.508, 186.656
-82.89, 323.578, 186.042
-85.346, 314.98199999999997, 188.498
-90.872, 307.0, 187.884
-90.872, 293.49199999999996, 187.884
-92.1, 293.49199999999996, 194.024
-92.1, 291.036, 195.25199999999998
-86.574, 279.37, 197.094
-90.258, 275.686, 200.778
-90.258, 274.45799999999997, 206.918
-85.96, 257.88, 201.392
-94.556, 267.704, 198.936
-92.714, 263.406, 199.54999999999998
-90.872, 271.388, 203.84799999999998
-97.62599999999999, 273.23, 202.006
-95.17, 264.634, 197.094
-91.48599999999999, 260.95, 203.23399999999998
-93.942, 256.038, 206.918
-97.62599999999999, 254.81, 203.23399999999998
-97.012, 251.73999999999998, 203.84799999999998
-97.012, 252.968, 205.076
-92.1, 250.512, 203.84799999999998
-90.872, 251.73999999999998, 203.84799999999998
-92.714, 247.44199999999998, 208.146
-90.872, 240.688, 203.84799999999998
-85.96, 241.916, 205.076
-84.732, 235.77599999999998, 206.304
-87.80199999999999, 231.47799999999998, 205.69
-85.96, 232.09199999999998, 203.84799999999998
-76.75, 225.338, 208.146
-74.908, 222.268, 207.53199999999998
-76.136, 221.04, 211.21599999999998
-75.52199999999999, 229.022, 206.918
-73.066, 230.25, 208.146
-74.294, 225.338, 205.69
-71.838, 213.058, 206.918
-64.47, 209.374, 200.778
-63.242, 200.778, 203.23399999999998
-67.53999999999999, 201.392, 208.76
-59.558, 199.54999999999998, 203.23399999999998
-63.855999999999995, 211.21599999999998, 201.392
-69.38199999999999, 208.146, 202.006
-67.53999999999999, 216.128, 202.62
-69.38199999999999, 209.374, 199.54999999999998
-67.53999999999999, 205.076, 207.53199999999998
-65.698, 200.778, 209.374
-65.084, 202.62, 197.708
-60.786, 206.918, 200.778
-59.558, 210.602, 206.918
-65.084, 206.304, 203.84799999999998
-64.47, 206.918, 208.146
-50.348, 201.392, 211.21599999999998
-53.418, 186.042, 203.23399999999998
-42.98, 189.112, 202.62
-47.891999999999996, 185.428, 196.48
-54.032, 194.024, 197.708
-54.032, 196.48, 206.304
-50.961999999999996, 193.41, 203.23399999999998
-49.734, 190.95399999999998, 202.006
-47.891999999999996, 189.112, 203.84799999999998
-43.594, 181.13, 200.778
-46.05, 183.58599999999998, 204.462
-42.98, 171.92, 194.024
-33.769999999999996, 163.938, 192.182
-36.226, 162.71, 187.26999999999998
-36.226, 161.482, 186.042
-25.174, 162.71, 192.182
-22.718, 167.62199999999999, 194.638
-25.174, 165.166, 193.41
-12.894, 167.62199999999999, 188.498
-14.735999999999999, 170.692, 190.34
-9.209999999999999, 157.798, 178.674
-9.209999999999999, 160.254, 179.902
1.8419999999999999, 146.74599999999998, 177.446
6.754, 143.06199999999998, 172.534
9.824, 144.904, 168.236
17.806, 149.202, 168.85
18.419999999999998, 165.78, 168.236
23.332, 178.06, 175.60399999999998
26.401999999999997, 177.446, 179.902
31.314, 176.218, 179.902
31.314, 186.042, 178.674
33.156, 192.796, 184.2
33.156, 207.53199999999998, 186.656
31.314, 210.602, 184.814
31.314, 216.742, 188.498
34.384, 219.81199999999998, 190.34
41.138, 231.47799999999998, 189.726
40.524, 237.004, 189.112
41.751999999999995, 245.6, 190.34
37.454, 258.49399999999997, 189.726
46.664, 273.844, 185.428
39.296, 268.932, 182.97199999999998
41.751999999999995, 264.02, 185.428
38.682, 263.406, 182.358
36.839999999999996, 262.792, 192.796
33.156, 265.248, 187.884
31.927999999999997, 267.704, 186.656
28.244, 262.792, 192.796
29.471999999999998, 261.56399999999996, 192.796
26.401999999999997, 259.722, 190.95399999999998
18.419999999999998, 264.02, 194.024
24.56, 267.704, 197.708
17.806, 274.45799999999997, 193.41
24.56, 278.756, 194.024
13.508, 275.072, 196.48
12.894, 279.37, 195.86599999999999
13.508, 283.668, 196.48
19.648, 282.44, 187.884
16.578, 280.598, 195.86599999999999
11.052, 283.668, 196.48
14.122, 290.42199999999997, 195.86599999999999
13.508, 294.71999999999997, 192.796
9.209999999999999, 299.018, 188.498
3.07, 296.562, 188.498
6.14, 291.036, 190.34
12.28, 287.352, 192.796
12.894, 284.282, 194.638
17.806, 280.598, 194.638
18.419999999999998, 272.616, 194.024
15.35, 272.002, 193.41
14.735999999999999, 279.984, 197.708
12.894, 284.282, 190.95399999999998
4.912, 297.176, 192.796
7.367999999999999, 298.404, 194.024
-0.614, 302.702, 194.638
2.456, 303.316, 190.34
-6.14, 305.772, 189.112
0.0, 313.14, 187.884
-8.596, 319.28, 187.884
-6.14, 318.05199999999996, 181.744
-8.596, 324.192, 184.2
-7.981999999999999, 317.438, 186.042
-6.14, 321.736, 187.884
-6.14, 322.964, 184.2
-7.367999999999999, 321.736, 184.2
-10.437999999999999, 330.94599999999997, 179.902
-7.981999999999999, 328.49, 183.58599999999998
-12.28, 329.104, 179.28799999999998
-11.052, 326.64799999999997, 186.656
-18.419999999999998, 326.64799999999997, 185.428
-19.648, 322.964, 191.56799999999998
-20.875999999999998, 324.192, 190.34
-25.174, 337.086, 181.13
-27.63, 335.858, 179.902
-31.927999999999997, 340.156, 182.97199999999998
-34.998, 341.998, 178.674
-40.524, 341.384, 178.06
-47.891999999999996, 331.56, 182.97199999999998
-57.716, 331.56, 181.744
-62.628, 330.332, 187.884
-68.154, 324.806, 189.726
-64.47, 324.806, 187.26999999999998
-67.53999999999999, 318.05199999999996, 191.56799999999998
-68.768, 315.596, 192.796
-69.38199999999999, 313.75399999999996, 192.182
-71.224, 308.228, 187.884
-78.592, 318.05199999999996, 189.112
-78.592, 315.596, 187.884
-83.50399999999999, 316.824, 190.34
-85.96, 310.68399999999997, 185.428
-86.574, 305.158, 192.182
-90.258, 302.702, 188.498
-89.03, 299.018, 193.41
-92.1, 288.58, 196.48
-88.416, 286.12399999999997, 197.708
-90.872, 291.036, 195.25199999999998
-91.48599999999999, 291.65, 199.54999999999998
-87.188, 289.808, 197.708
-93.942, 285.51, 195.86599999999999
